Accuracy is : 0.0740740740741
----------------------------
Confusion Matrix: 
[[0 1 0 1 0 0 0 0 0 0 0 0 0 0]
 [0 0 0 0 0 0 0 1 0 1 0 0 0 0]
 [0 0 0 0 0 1 0 1 0 0 0 0 0 0]
 [0 0 0 0 0 0 1 0 0 0 0 0 1 0]
 [0 0 0 1 0 0 0 1 0 0 0 0 0 0]
 [0 0 0 0 1 0 0 0 0 0 0 0 1 0]
 [0 0 0 0 0 0 1 0 0 1 0 0 0 0]
 [0 0 0 1 0 0 0 1 0 0 0 0 0 0]
 [0 0 0 0 0 0 0 0 0 0 0 0 1 0]
 [0 0 0 0 0 1 0 0 0 0 1 0 0 0]
 [0 0 0 0 1 1 0 0 0 0 0 0 0 0]
 [0 1 0 0 0 0 0 1 0 0 0 0 0 0]
 [0 0 0 0 0 0 1 0 0 0 1 0 0 0]
 [0 1 0 0 0 0 0 0 0 0 0 0 1 0]]



CROSS-VALIDATION 10FOld			|		5Fold

Accuracy: 0.12 (+/- 0.10)

USING VARIANCE ON FFT

Accuracy: 0.19 (+/- 0.17)		|		Accuracy: 0.16 (+/- 0.09)

USING MAX FFT VALUE PER WINDOW

Accuracy: 0.16 (+/- 0.14)		|		Accuracy: 0.16 (+/- 0.11)





Use Variance - FFT Representation

Maybe Use first 30 seconds


CROSS VALIDATION 5FOLD using VAR(fft)

Accuracy: 0.16 (+/- 0.08)
Accuracy is : 0.12962962963
----------------------------
Confusion Matrix: 
[[0 0 0 0 0 0 0 1 0 0 0 0 0 0]
 [0 0 0 0 1 0 0 1 0 1 1 0 0 0]
 [0 0 0 0 0 1 0 0 0 0 0 0 0 0]
 [0 1 1 0 0 0 3 0 0 0 0 0 1 0]
 [0 0 0 0 0 0 2 0 0 0 1 0 1 0]
 [0 1 0 0 0 0 2 0 0 0 0 0 1 0]
 [0 0 0 1 0 1 3 0 0 1 0 0 0 0]
 [0 0 0 0 0 0 2 2 0 3 0 0 0 0]
 [0 0 0 0 0 0 0 1 0 0 0 0 0 0]
 [0 0 0 0 2 1 2 1 0 0 1 0 0 0]
 [0 1 0 0 0 1 0 2 0 0 1 0 0 0]
 [0 0 0 0 0 0 1 0 0 0 0 0 0 0]
 [0 1 0 1 0 0 0 1 0 1 1 0 1 0]
 [0 0 0 0 0 0 0 0 0 1 0 0 0 0]]



Accuracy is : 0.156862745098
----------------------------
Confusion Matrix: 
[[0 0 0 0 0 1 0 0 0 0 0 0 0]
 [0 0 0 0 1 1 0 1 0 0 0 1 0]
 [0 0 0 0 0 0 0 0 1 0 0 0 0]
 [0 2 0 0 0 0 0 3 0 0 0 1 0]
 [0 0 0 0 2 0 0 1 0 0 0 1 0]
 [0 1 0 0 0 1 2 0 0 0 0 0 0]
 [0 1 0 2 0 1 0 1 0 0 0 0 0]
 [0 0 0 1 0 0 0 3 0 2 0 1 0]
 [0 0 0 0 0 1 2 1 0 1 0 2 0]
 [0 1 0 0 0 1 1 1 0 1 0 0 0]
 [0 0 0 0 1 0 0 0 0 0 0 0 0]
 [0 0 0 1 0 1 1 1 0 0 0 1 0]
 [0 0 0 0 0 0 0 0 0 0 0 1 0]]



Accuracy is : 0.21568627451
----------------------------
Confusion Matrix: 
[[0 0 0 1 0 0 0 0 0 0 0 0 0]
 [0 0 0 1 0 0 0 1 1 1 0 0 0]
 [0 0 0 0 0 1 0 0 0 0 0 0 0]
 [0 0 0 1 1 0 0 2 0 0 0 2 0]
 [0 0 0 0 0 0 1 2 0 0 0 1 0]
 [0 0 0 0 0 3 0 1 0 0 0 0 0]
 [0 0 0 1 0 0 1 0 0 1 0 2 0]
 [0 0 2 0 0 0 2 3 0 0 0 0 0]
 [0 0 0 2 0 0 0 1 2 0 0 1 1]
 [0 0 0 1 1 0 1 1 0 0 0 1 0]
 [0 1 0 0 0 0 0 0 0 0 0 0 0]
 [0 0 0 0 1 0 0 2 0 0 1 1 0]
 [0 1 0 0 0 0 0 0 0 0 0 0 0]]



Accuracy is : 0.195652173913
----------------------------
Confusion Matrix: 
[[1 0 0 0 0 0 0 1 1 0 1]
 [0 0 0 0 0 0 0 0 1 0 0]
 [2 0 2 0 0 1 0 0 0 0 0]
 [1 0 0 0 1 0 1 1 0 0 0]
 [1 0 1 0 2 0 0 0 0 0 0]
 [0 0 3 1 0 1 0 0 0 0 0]
 [1 0 0 0 0 0 3 0 1 1 0]
 [1 0 0 0 1 1 1 0 1 2 0]
 [1 0 0 0 0 0 1 1 0 1 0]
 [1 0 1 0 0 1 0 1 0 0 1]
 [0 0 0 1 0 0 0 0 0 0 0]]



Accuracy is : 0.181818181818
----------------------------
Confusion Matrix: 
[[0 0 0 0 0 0 0 0 0 0 0 0 0]
 [1 1 0 0 0 0 0 0 1 0 0 1 0]
 [0 0 0 0 0 0 0 0 1 0 0 0 0]
 [0 0 1 0 1 0 0 2 0 0 0 1 0]
 [0 0 0 1 0 1 0 0 0 1 0 0 1]
 [0 0 1 0 0 2 0 0 0 0 0 1 0]
 [0 0 0 1 0 0 1 0 1 0 1 1 0]
 [0 1 1 0 1 0 2 1 0 0 0 0 0]
 [0 0 0 0 1 1 0 0 2 0 0 2 0]
 [0 0 0 0 0 0 0 0 3 1 0 0 0]
 [0 0 0 0 0 0 0 0 0 0 0 0 0]
 [0 0 0 1 0 0 2 1 1 0 0 0 0]
 [0 0 0 0 0 0 0 0 0 0 0 0 0]]

